Antonio,Michael ,Nathan,Oliver,George ,Lachlan,Div ,Braden,Connor,Jack,Amy,Orlo
-23.0,80.0,-18.0,11.0,-79.0,11.0,36.0,11.0,-7.0,-17.0,-6.0,0.0
0.0,31.7,0.0,0.0,-20.0,-11.7,0.0,0.0,0.0,0.0,0.0,0.0
0.0,31.7,0.0,0.0,-20.0,-11.7,0.0,0.0,0.0,0.0,0.0,0.0
0.0,-20.52,13.36,0.0,-10.84,18.01,0.0,0.0,0.0,0.0,0.0,0.0
0.0,-7.95,-0.22,19.68,8.25,-11.98,0.0,0.0,-7.77,0.0,0.0,0.0
0.0,16.34,0.0,0.0,-5.39,-10.94,0.0,0.0,0.0,0.0,0.0,0.0
0.0,-6.21,-4.26,0.0,-1.95,12.42,0.0,0.0,0.0,0.0,0.0,0.0
-5.81,16.99,-2.63,0.0,2.2,-10.76,0.0,0.0,0.0,0.0,0.0,0.0
1.26,-10.0,18.27,0.0,-0.62,-8.9,0.0,0.0,0.0,0.0,0.0,0.0
-3.43,8.35,0.0,0.0,-3.32,-1.6,0.0,0.0,0.0,0.0,0.0,0.0
4.49,-19.75,0.0,0.0,-3.44,18.7,0.0,0.0,0.0,0.0,0.0,0.0
-0.69,-2.43,0.0,0.0,6.87,-3.74,0.0,0.0,0.0,0.0,0.0,0.0
5.85,-10.0,0.0,0.0,-10.0,14.15,0.0,0.0,0.0,0.0,0.0,0.0
