Date,Antonio,Michael ,Nathan,Oliver,George ,Lachlan,Div ,Braden,Connor,Jack,Amy,Orlo
2021-12-05,4.0,1.0,-5.0,0.0,0.0,0.0,0.0,0.0,0.0,0.0,0.0,0.0
2021-12-05,17.0,0.0,2.0,-10.0,1.0,-10.0,0.0,0.0,0.0,0.0,0.0,0.0
2021-12-05,10.0,0.0,0.0,0.0,3.0,-3.0,0.0,-10.0,0.0,0.0,0.0,0.0
2021-12-05,8.0,-10.0,0.0,0.0,1.0,4.0,0.0,-3.0,0.0,0.0,0.0,0.0
2021-12-05,-10.0,1.0,3.0,0.0,0.0,7.0,0.0,0.0,0.0,0.0,0.0,0.0
2021-12-05,27.0,-15.0,4.0,8.0,0.0,-24.0,0.0,0.0,0.0,0.0,0.0,0.0
2021-12-05,-20.0,0.0,-20.0,0.0,0.0,40.0,0.0,0.0,0.0,0.0,0.0,0.0
2021-12-05,7.0,-20.0,-15.0,0.0,5.0,23.0,0.0,0.0,0.0,0.0,0.0,0.0
2021-12-05,22.0,-10.0,-10.0,0.0,0.0,-10.0,0.0,8.0,0.0,0.0,0.0,0.0
2021-12-05,9.0,-20.0,-11.0,-5.0,4.0,24.0,0.0,0.0,0.0,0.0,0.0,0.0
2021-12-05,9.0,8.0,-7.0,0.0,0.0,0.0,-10.0,0.0,0.0,0.0,0.0,0.0
2021-12-05,0.0,6.0,-9.0,0.0,6.0,0.0,0.0,0.0,10.0,0.0,0.0,0.0
2021-12-05,11.0,-15.0,-21.0,17.0,0.0,-1.0,0.0,0.0,10.0,0.0,0.0,0.0
2021-12-05,28.0,19.0,-2.0,-10.0,-10.0,2.0,0.0,-4.0,-13.0,-10.0,-1.0,0.0
2021-12-05,4.0,0.0,-4.0,0.0,0.0,0.0,0.0,0.0,0.0,0.0,0.0,0.0
2021-12-05,4.0,4.0,-4.0,0.0,-3.0,-3.0,0.0,0.0,0.0,0.0,0.0,0.0
2021-12-05,5.0,3.0,4.0,0.0,8.0,-20.0,0.0,0.0,0.0,0.0,0.0,0.0
2021-12-05,15.0,7.0,0.0,0.0,-3.0,-20.0,0.0,1.0,0.0,0.0,0.0,0.0
2021-12-05,4.0,9.0,-20.0,0.0,-4.0,11.0,0.0,0.0,0.0,0.0,0.0,0.0
2021-12-05,37.0,-10.0,0.0,0.0,-17.0,-10.0,0.0,0.0,0.0,0.0,0.0,0.0
2021-12-05,1.0,4.0,0.0,0.0,2.0,-8.0,0.0,0.0,0.0,0.0,0.0,0.0
2021-12-05,2.0,4.0,3.0,0.0,-9.0,0.0,0.0,0.0,0.0,0.0,0.0,0.0
2021-12-05,16.0,6.0,-30.0,0.0,1.0,7.0,0.0,0.0,0.0,0.0,0.0,0.0
2021-12-05,-4.0,4.0,-20.0,0.0,13.0,7.0,0.0,0.0,0.0,0.0,0.0,0.0
2021-12-05,4.0,-10.0,0.0,0.0,6.0,0.0,0.0,0.0,0.0,0.0,0.0,0.0
2021-12-05,2.0,-3.0,-10.0,0.0,5.0,6.0,0.0,0.0,0.0,0.0,0.0,0.0
2021-12-05,-6.0,-2.0,10.0,0.0,-20.0,22.0,0.0,-3.0,0.0,0.0,0.0,0.0
2021-12-05,-3.0,11.0,6.0,0.0,-4.0,0.0,0.0,0.0,0.0,0.0,-10.0,0.0
2021-12-05,1.0,0.0,0.0,0.0,0.0,0.0,0.0,0.0,0.0,0.0,-1.0,0.0
2021-12-05,-10.0,11.0,0.0,0.0,1.0,8.0,0.0,-10.0,0.0,0.0,0.0,0.0
2021-12-05,7.0,1.0,-2.0,2.0,-7.0,0.0,0.0,0.0,0.0,0.0,0.0,0.0
2021-12-05,3.0,29.0,0.0,0.0,-2.0,-30.0,0.0,0.0,0.0,0.0,0.0,0.0
2021-12-05,13.0,2.0,0.0,0.0,-5.0,-10.0,0.0,0.0,0.0,0.0,0.0,0.0
2021-12-05,9.0,-9.0,2.0,0.0,-9.0,15.0,0.0,0.0,0.0,-8.0,0.0,0.0
2021-12-05,7.0,-6.0,1.0,0.0,-2.0,10.0,0.0,0.0,0.0,-10.0,0.0,0.0
2021-12-05,2.0,-2.0,0.0,0.0,-1.0,-4.0,0.0,0.0,5.0,0.0,0.0,0.0
2021-12-05,-10.0,14.0,0.0,0.0,-40.0,0.0,36.0,0.0,0.0,0.0,0.0,0.0
2021-12-05,-23.0,16.0,0.0,0.0,7.0,0.0,0.0,0.0,0.0,0.0,0.0,0.0
2021-12-05,4.0,11.0,-15.0,0.0,-12.0,12.0,0.0,6.0,0.0,0.0,-6.0,0.0
2021-12-05,25.0,-37.0,0.0,0.0,24.0,0.0,0.0,0.0,0.0,-17.0,0.0,0.0
2021-12-05,0.0,32.0,0.0,0.0,-20.0,-12.0,0.0,0.0,0.0,0.0,0.0,0.0
2021-12-05,-20.0,39.0,0.0,0.0,-20.0,1.0,0.0,0.0,0.0,0.0,0.0,0.0
2021-12-05,0.0,16.0,0.0,0.0,-5.0,-11.0,0.0,0.0,0.0,0.0,0.0,0.0
2021-12-05,0.0,0.0,0.0,0.0,5.0,0.0,0.0,0.0,-5.0,0.0,0.0,0.0
2021-12-05,0.0,-8.0,0.0,21.0,-10.0,-11.0,0.0,0.0,8.0,0.0,0.0,0.0
2021-12-05,0.0,-22.0,10.0,0.0,-12.0,23.0,0.0,0.0,0.0,0.0,0.0,0.0
2021-12-05,4.0,0.0,-2.0,-10.0,1.0,22.0,0.0,0.0,-15.0,0.0,0.0,0.0
2021-12-05,-5.0,21.0,-11.0,0.0,4.0,-9.0,0.0,0.0,0.0,0.0,0.0,0.0
2021-12-05,0.0,31.7,0.0,0.0,-20.0,-11.7,0.0,0.0,0.0,0.0,0.0,0.0
2021-12-05,0.0,-20.52,13.36,0.0,-10.84,18.01,0.0,0.0,0.0,0.0,0.0,0.0
2021-12-05,0.0,-7.95,-0.22,19.68,8.25,-11.98,0.0,0.0,-7.77,0.0,0.0,0.0
2021-12-05,0.0,16.34,0.0,0.0,-5.39,-10.94,0.0,0.0,0.0,0.0,0.0,0.0
2021-12-05,0.0,-6.21,-4.26,0.0,-1.95,12.42,0.0,0.0,0.0,0.0,0.0,0.0
2021-12-05,-5.81,16.99,-2.63,0.0,2.2,-10.76,0.0,0.0,0.0,0.0,0.0,0.0
2021-12-05,1.26,-10.0,18.27,0.0,-0.62,-8.9,0.0,0.0,0.0,0.0,0.0,0.0
2021-12-05,-3.43,8.35,0.0,0.0,-3.32,-1.6,0.0,0.0,0.0,0.0,0.0,0.0
2021-12-05,4.49,-19.75,0.0,0.0,-3.44,18.7,0.0,0.0,0.0,0.0,0.0,0.0
2021-12-05,-0.69,-2.43,0.0,0.0,6.87,-3.74,0.0,0.0,0.0,0.0,0.0,0.0
2021-12-05,5.85,-10.0,0.0,0.0,-10.0,14.15,0.0,0.0,0.0,0.0,0.0,0.0
